1.653390 2.775828 4.415661 3.909659 4.214341 3.711817 1.640956 1.918861 3.271707 3.503041 0.697241 1.414792 2.216739 1.669349 1.642662 1.657503 0.918643 3.724544 4.139702 1.907556 3.031892 1.847958 4.674563 2.196776 0.153783 1.412257 2.846275 2.812654 4.332279 4.440435 1.931163 0.683261 3.496072 4.002455 3.155859 3.608764 1.508369 0.555069 0.287690 1.178525 
1.653390 2.775828 4.415661 3.909659 4.214341 3.711817 1.640956 1.918861 3.271707 3.503041 0.697241 1.414792 2.216739 1.669349 1.642662 1.657503 0.918643 3.724544 4.139702 1.907556 3.031892 1.847958 4.674563 2.196776 0.153783 1.412257 2.846275 2.812654 4.332279 4.440435 1.931163 0.683261 3.496072 4.002455 3.155859 3.608764 1.508369 0.555069 0.287690 1.178525 
1.653390 2.775828 4.415661 3.909659 4.214341 3.711817 1.640956 1.918861 3.271707 3.503041 0.697241 1.414792 2.216739 1.669349 1.642662 1.657503 0.918643 3.724544 4.139702 1.907556 3.031892 1.847958 4.674563 2.196776 0.153783 1.412257 2.846275 2.812654 4.332279 4.440435 1.931163 0.683261 3.496072 4.002455 3.155859 3.608764 1.508369 0.555069 0.287690 1.178525 
1.653390 2.775828 4.415661 3.909659 4.214341 3.711817 1.640956 1.918861 3.271707 3.503041 0.697241 1.414792 2.216739 1.669349 1.642662 1.657503 0.918643 3.724544 4.139702 1.907556 3.031892 1.847958 4.674563 2.196776 0.153783 1.412257 2.846275 2.812654 4.332279 4.440435 1.931163 0.683261 3.496072 4.002455 3.155859 3.608764 1.508369 0.555069 0.287690 1.178525 
1.653390 2.775828 4.415661 3.909659 4.214341 3.711817 1.640956 1.918861 3.271707 3.503041 0.697241 1.414792 2.216739 1.669349 1.642662 1.657503 0.918643 3.724544 4.139702 1.907556 3.031892 1.847958 4.674563 2.196776 0.153783 1.412257 2.846275 2.812654 4.332279 4.440435 1.931163 0.683261 3.496072 4.002455 3.155859 3.608764 1.508369 0.555069 0.287690 1.178525 
1.653390 2.775828 4.415661 3.909659 4.214341 3.711817 1.640956 1.918861 3.271707 3.503041 0.697241 1.414792 2.216739 1.669349 1.642662 1.657503 0.918643 3.724544 4.139702 1.907556 3.031892 1.847958 4.674563 2.196776 0.153783 1.412257 2.846275 2.812654 4.332279 4.440435 1.931163 0.683261 3.496072 4.002455 3.155859 3.608764 1.508369 0.555069 0.287690 1.178525 
1.653390 2.775828 4.415661 3.909659 4.214341 3.711817 1.640956 1.918861 3.271707 3.503041 0.697241 1.414792 2.216739 1.669349 1.642662 1.657503 0.918643 3.724544 4.139702 1.907556 3.031892 1.847958 4.674563 2.196776 0.153783 1.412257 2.846275 2.812654 4.332279 4.440435 1.931163 0.683261 3.496072 4.002455 3.155859 3.608764 1.508369 0.555069 0.287690 1.178525 
1.653390 2.775828 4.415661 3.909659 4.214341 3.711817 1.640956 1.918861 3.271707 3.503041 0.697241 1.414792 2.216739 1.669349 1.642662 1.657503 0.918643 3.724544 4.139702 1.907556 3.031892 1.847958 4.674563 2.196776 0.153783 1.412257 2.846275 2.812654 4.332279 4.440435 1.931163 0.683261 3.496072 4.002455 3.155859 3.608764 1.508369 0.555069 0.287690 1.178525 
1.653390 2.775828 4.415661 3.909659 4.214341 3.711817 1.640956 1.918861 3.271707 3.503041 0.697241 1.414792 2.216739 1.669349 1.642662 1.657503 0.918643 3.724544 4.139702 1.907556 3.031892 1.847958 4.674563 2.196776 0.153783 1.412257 2.846275 2.812654 4.332279 4.440435 1.931163 0.683261 3.496072 4.002455 3.155859 3.608764 1.508369 0.555069 0.287690 1.178525 
1.653390 2.775828 4.415661 3.909659 4.214341 3.711817 1.640956 1.918861 3.271707 3.503041 0.697241 1.414792 2.216739 1.669349 1.642662 1.657503 0.918643 3.724544 4.139702 1.907556 3.031892 1.847958 4.674563 2.196776 0.153783 1.412257 2.846275 2.812654 4.332279 4.440435 1.931163 0.683261 3.496072 4.002455 3.155859 3.608764 1.508369 0.555069 0.287690 1.178525 
